5.494574205999999685e+04 3 -1
5.494586708329999965e+04 3 -1
5.494601821629999904e+04 3 -1
5.494623352590000286e+04 3 -1
5.494633773720000318e+04 3 -1
5.494654956549999770e+04 3 -1
5.494673346789999778e+04 3 -1
5.494716625090000161e+04 3 -1
5.506282536080000136e+04 0 0
5.509100556060000235e+04 0 0
5.512308645830000023e+04 1 0
5.515397971140000300e+04 1 0
5.518203663290000259e+04 1 0
5.521595489269999962e+04 2 0
5.521603526489999786e+04 2 0
5.524576600190000318e+04 2 0
5.527473986190000142e+04 2 0
5.530753503330000240e+04 3 0
5.533642814409999846e+04 3 0
5.537069529699999839e+04 3 0
5.539905711960000190e+04 0 1
5.543081093919999694e+04 0 1
5.546182912740000029e+04 0 1
5.549280647109999700e+04 1 1
5.552276213529999950e+04 1 1
5.555208435830000235e+04 1 1
5.558557600159999856e+04 2 1
5.561473890240000037e+04 2 1
5.567744447619999846e+04 3 1
5.570664402230000269e+04 3 1
5.573845914430000266e+04 3 1
5.576947739900000306e+04 0 2
5.580176241760000266e+04 0 2
5.583280106160000287e+04 0 2
5.586480013160000090e+04 1 2
5.589575704299999779e+04 1 2
5.593086195259999658e+04 1 2
5.595842687909999950e+04 2 2
5.598652301150000130e+04 2 2
5.601455791840000165e+04 2 2
5.604751736749999691e+04 3 2
5.607745252379999874e+04 3 2
5.610558959740000137e+04 3 2
5.613752735560000292e+04 0 3
5.616883156150000286e+04 0 3
5.620385475839999708e+04 0 3
5.623683464100000128e+04 1 3
5.626791413959999772e+04 1 3
5.630367294879999827e+04 1 3
5.633056354899999860e+04 2 3
5.635749504100000195e+04 2 3
5.639049523809999664e+04 2 3
